 Ergebnisdatei: TRI50-2h.DAT

 Materialeigenschaften/Geometrie-Parameter/ANSYS-Optionen: 

 E-Modul (Pa), Poissonzahl, Dichte (kg/m3) 
  0.1689000E+12  0.6250000E-01   2329.000    

 Balkenlaenge, -dicke, Aufhaengung (m)
  0.3000000E-02  0.2000000E-04  0.5000000E-04

 Balkenbreiten: aussen, mitte, Balkenabstand (m)
  0.2000000E-03  0.4000000E-03  0.5000000E-04

 Elementtyp, Elementgroesse (m), MDOFs Total 
   63.00000      0.5000000E-04   100.0000    

 Iterationsanzahl, Startfrequenz (Hz), Stopfrequenz (Hz) 
   200.0000       18000.00       19000.00    

 Daempfungskoeffizient, Anregungsauslenkung (m) 
  0.1000000E-02  0.1000000E-05

 Bemerkungen: 
 MAXIMUM IN-CORE WAVE FRONT=    227.
 EQUATION SOLVER MAXIMUM PIVOT= 0.61069E+07 AT NODE   289. UY
 EQUATION SOLVER MINIMUM PIVOT= 0.64237E-07 AT NODE   611. ROTZ
 THERE ARE    1153. POSITIVE PIVOTS WITH RATIOS LESS THAN  0.10000E-12
   *** PROBLEM STATISTICS
  NO. OF ACTIVE DEGREES OF FREEDOM =   6856
  R.M.S. WAVEFRONT SIZE =   184.4
  NUMBER OF MASTER DEGREES OF FREEDOM =   100

 MDOFs: 

 NSEL  FOR LABEL= X     BETWEEN 0.15500E-02 AND 0.15500E-02   KABS=  0.
  TOLERANCE= 0.775000E-05
     19  NODES (OF   1197  DEFINED) SELECTED BY  NSEL  COMMAND.

 LIST ALL SELECTED NODE  DSYS=  0
 
   NODE        X           Y           Z         THXY    THYZ    THXZ
      2   0.15500E-02 0.00000E+00 0.00000E+00    0.00    0.00    0.00
     33   0.15500E-02 0.20000E-03 0.00000E+00    0.00    0.00    0.00
     34   0.15500E-02 0.50000E-04 0.00000E+00    0.00    0.00    0.00
     35   0.15500E-02 0.10000E-03 0.00000E+00    0.00    0.00    0.00
     36   0.15500E-02 0.15000E-03 0.00000E+00    0.00    0.00    0.00
     68   0.15500E-02 0.25000E-03 0.00000E+00    0.00    0.00    0.00
     98   0.15500E-02 0.65000E-03 0.00000E+00    0.00    0.00    0.00
     99   0.15500E-02 0.30000E-03 0.00000E+00    0.00    0.00    0.00
    100   0.15500E-02 0.35000E-03 0.00000E+00    0.00    0.00    0.00
    101   0.15500E-02 0.40000E-03 0.00000E+00    0.00    0.00    0.00
    102   0.15500E-02 0.45000E-03 0.00000E+00    0.00    0.00    0.00
    103   0.15500E-02 0.50000E-03 0.00000E+00    0.00    0.00    0.00
    104   0.15500E-02 0.55000E-03 0.00000E+00    0.00    0.00    0.00
    105   0.15500E-02 0.60000E-03 0.00000E+00    0.00    0.00    0.00
    137   0.15500E-02 0.70000E-03 0.00000E+00    0.00    0.00    0.00
    167   0.15500E-02 0.90000E-03 0.00000E+00    0.00    0.00    0.00
    168   0.15500E-02 0.75000E-03 0.00000E+00    0.00    0.00    0.00
    169   0.15500E-02 0.80000E-03 0.00000E+00    0.00    0.00    0.00
    170   0.15500E-02 0.85000E-03 0.00000E+00    0.00    0.00    0.00

 NSEL  FOR LABEL= Y     BETWEEN 0.45000E-03 AND 0.45000E-03   KABS=  0.
  TOLERANCE= 0.225000E-05

     63  NODES (OF   1197  DEFINED) SELECTED BY  NSEL  COMMAND.


 LIST ALL SELECTED NODE  DSYS=  0
 
   NODE        X           Y           Z         THXY    THYZ    THXZ
    102   0.15500E-02 0.45000E-03 0.00000E+00    0.00    0.00    0.00
    210   0.00000E+00 0.45000E-03 0.00000E+00    0.00    0.00    0.00
    282   0.15000E-02 0.45000E-03 0.00000E+00    0.00    0.00    0.00
    296   0.14500E-02 0.45000E-03 0.00000E+00    0.00    0.00    0.00
    338   0.14000E-02 0.45000E-03 0.00000E+00    0.00    0.00    0.00
    351   0.13500E-02 0.45000E-03 0.00000E+00    0.00    0.00    0.00
    364   0.13000E-02 0.45000E-03 0.00000E+00    0.00    0.00    0.00
    377   0.12500E-02 0.45000E-03 0.00000E+00    0.00    0.00    0.00
    390   0.12000E-02 0.45000E-03 0.00000E+00    0.00    0.00    0.00
    403   0.11500E-02 0.45000E-03 0.00000E+00    0.00    0.00    0.00
    416   0.11000E-02 0.45000E-03 0.00000E+00    0.00    0.00    0.00
    429   0.10500E-02 0.45000E-03 0.00000E+00    0.00    0.00    0.00
    442   0.10000E-02 0.45000E-03 0.00000E+00    0.00    0.00    0.00
    455   0.95000E-03 0.45000E-03 0.00000E+00    0.00    0.00    0.00
    468   0.90000E-03 0.45000E-03 0.00000E+00    0.00    0.00    0.00
    481   0.85000E-03 0.45000E-03 0.00000E+00    0.00    0.00    0.00
    494   0.80000E-03 0.45000E-03 0.00000E+00    0.00    0.00    0.00
    507   0.75000E-03 0.45000E-03 0.00000E+00    0.00    0.00    0.00
    514   0.70000E-03 0.45000E-03 0.00000E+00    0.00    0.00    0.00
    521   0.65000E-03 0.45000E-03 0.00000E+00    0.00    0.00    0.00
 
   NODE        X           Y           Z         THXY    THYZ    THXZ
    528   0.60000E-03 0.45000E-03 0.00000E+00    0.00    0.00    0.00
    535   0.55000E-03 0.45000E-03 0.00000E+00    0.00    0.00    0.00
    542   0.50000E-03 0.45000E-03 0.00000E+00    0.00    0.00    0.00
    549   0.45000E-03 0.45000E-03 0.00000E+00    0.00    0.00    0.00
    556   0.40000E-03 0.45000E-03 0.00000E+00    0.00    0.00    0.00
    563   0.35000E-03 0.45000E-03 0.00000E+00    0.00    0.00    0.00
    570   0.30000E-03 0.45000E-03 0.00000E+00    0.00    0.00    0.00
    577   0.25000E-03 0.45000E-03 0.00000E+00    0.00    0.00    0.00
    584   0.20000E-03 0.45000E-03 0.00000E+00    0.00    0.00    0.00
    591   0.15000E-03 0.45000E-03 0.00000E+00    0.00    0.00    0.00
    598   0.10000E-03 0.45000E-03 0.00000E+00    0.00    0.00    0.00
    605   0.50000E-04 0.45000E-03 0.00000E+00    0.00    0.00    0.00
    649   0.31000E-02 0.45000E-03 0.00000E+00    0.00    0.00    0.00
    901   0.16000E-02 0.45000E-03 0.00000E+00    0.00    0.00    0.00
    942   0.16500E-02 0.45000E-03 0.00000E+00    0.00    0.00    0.00
    951   0.17000E-02 0.45000E-03 0.00000E+00    0.00    0.00    0.00
    960   0.17500E-02 0.45000E-03 0.00000E+00    0.00    0.00    0.00
    969   0.18000E-02 0.45000E-03 0.00000E+00    0.00    0.00    0.00
    978   0.18500E-02 0.45000E-03 0.00000E+00    0.00    0.00    0.00
    987   0.19000E-02 0.45000E-03 0.00000E+00    0.00    0.00    0.00
 
   NODE        X           Y           Z         THXY    THYZ    THXZ
    996   0.19500E-02 0.45000E-03 0.00000E+00    0.00    0.00    0.00
   1005   0.20000E-02 0.45000E-03 0.00000E+00    0.00    0.00    0.00
   1014   0.20500E-02 0.45000E-03 0.00000E+00    0.00    0.00    0.00
   1023   0.21000E-02 0.45000E-03 0.00000E+00    0.00    0.00    0.00
   1032   0.21500E-02 0.45000E-03 0.00000E+00    0.00    0.00    0.00
   1041   0.22000E-02 0.45000E-03 0.00000E+00    0.00    0.00    0.00
   1050   0.22500E-02 0.45000E-03 0.00000E+00    0.00    0.00    0.00
   1059   0.23000E-02 0.45000E-03 0.00000E+00    0.00    0.00    0.00
   1068   0.23500E-02 0.45000E-03 0.00000E+00    0.00    0.00    0.00
   1077   0.24000E-02 0.45000E-03 0.00000E+00    0.00    0.00    0.00
   1086   0.24500E-02 0.45000E-03 0.00000E+00    0.00    0.00    0.00
   1095   0.25000E-02 0.45000E-03 0.00000E+00    0.00    0.00    0.00
   1104   0.25500E-02 0.45000E-03 0.00000E+00    0.00    0.00    0.00
   1113   0.26000E-02 0.45000E-03 0.00000E+00    0.00    0.00    0.00
   1122   0.26500E-02 0.45000E-03 0.00000E+00    0.00    0.00    0.00
   1131   0.27000E-02 0.45000E-03 0.00000E+00    0.00    0.00    0.00
   1140   0.27500E-02 0.45000E-03 0.00000E+00    0.00    0.00    0.00
   1149   0.28000E-02 0.45000E-03 0.00000E+00    0.00    0.00    0.00
   1158   0.28500E-02 0.45000E-03 0.00000E+00    0.00    0.00    0.00
   1167   0.29000E-02 0.45000E-03 0.00000E+00    0.00    0.00    0.00
 
   NODE        X           Y           Z         THXY    THYZ    THXZ
   1176   0.29500E-02 0.45000E-03 0.00000E+00    0.00    0.00    0.00
   1185   0.30000E-02 0.45000E-03 0.00000E+00    0.00    0.00    0.00
   1194   0.30500E-02 0.45000E-03 0.00000E+00    0.00    0.00    0.00

         SUMMARY OF VARIABLES STORED THIS STEP AND EXTREME VALUES
 VARI TYPE  IDENTIFIERS  NAME   MINIMUM    AT TIME     MAXIMUM   AT TIME

   2 DISP     2  UZ    2   UNTN -0.4494E-04 0.1848E+05 0.2192E-04 0.1852E+05
   3 DISP   105  UZ    105 MITT -0.3250E-04 0.1837E+05 0.4198E-04 0.1834E+05
   4 DISP   170  UZ    170 OBEN -0.3957E-04 0.1838E+05 0.1890E-04 0.1834E+05

          ANSYS POST26 VARIABLE LISTING


    FREQ        DISP   2 UZ                 DISP 105 UZ                 DISP 170 UZ  
                  2   UNTN                    105 MITT                    170 OBEN
                  AMPLITUDE       PHASE       AMPLITUDE       PHASE       AMPLITUDE       PHASE   
   18005.        0.417826E-06  -6.49912      0.521434E-05  -2.76562      0.458280E-06  -6.71237    
   18010.        0.431234E-06  -6.55186      0.528508E-05  -2.80524      0.473478E-06  -6.77017    
   18015.        0.445182E-06  -6.60643      0.535779E-05  -2.84600      0.489315E-06  -6.82998    
   18020.        0.459701E-06  -6.66290      0.543256E-05  -2.88797      0.505825E-06  -6.89187    
   18025.        0.474821E-06  -6.72133      0.550949E-05  -2.93119      0.523046E-06  -6.95592    
   18030.        0.490574E-06  -6.78181      0.558866E-05  -2.97572      0.541018E-06  -7.02221    
   18035.        0.506994E-06  -6.84440      0.567018E-05  -3.02162      0.559784E-06  -7.09082    
   18040.        0.524121E-06  -6.90919      0.575416E-05  -3.06896      0.579390E-06  -7.16185    
   18045.        0.541992E-06  -6.97627      0.584070E-05  -3.11782      0.599885E-06  -7.23540    
   18050.        0.560652E-06  -7.04574      0.592994E-05  -3.16825      0.621322E-06  -7.31157    
   18055.        0.580145E-06  -7.11768      0.602199E-05  -3.22034      0.643759E-06  -7.39047    
   18060.        0.600522E-06  -7.19222      0.611700E-05  -3.27419      0.667257E-06  -7.47223    
   18065.        0.621835E-06  -7.26945      0.621512E-05  -3.32986      0.691882E-06  -7.55697    
   18070.        0.644140E-06  -7.34952      0.631649E-05  -3.38747      0.717705E-06  -7.64482    
   18075.        0.667500E-06  -7.43253      0.642130E-05  -3.44712      0.744804E-06  -7.73594    
   18080.        0.691981E-06  -7.51864      0.652971E-05  -3.50892      0.773262E-06  -7.83048    
   18085.        0.717654E-06  -7.60798      0.664191E-05  -3.57299      0.803169E-06  -7.92860    
   18090.        0.744596E-06  -7.70073      0.675812E-05  -3.63945      0.834623E-06  -8.03048    
   18095.        0.772891E-06  -7.79705      0.687856E-05  -3.70845      0.867731E-06  -8.13632    

          ANSYS POST26 VARIABLE LISTING


    FREQ        DISP   2 UZ                 DISP 105 UZ                 DISP 170 UZ  
                  2   UNTN                    105 MITT                    170 OBEN
                  AMPLITUDE       PHASE       AMPLITUDE       PHASE       AMPLITUDE       PHASE   
   18100.        0.802630E-06  -7.89713      0.700346E-05  -3.78013      0.902607E-06  -8.24632    
   18105.        0.833910E-06  -8.00116      0.713308E-05  -3.85467      0.939378E-06  -8.36070    
   18110.        0.866840E-06  -8.10936      0.726770E-05  -3.93222      0.978182E-06  -8.47970    
   18115.        0.901535E-06  -8.22195      0.740761E-05  -4.01299      0.101917E-05  -8.60358    
   18120.        0.938122E-06  -8.33920      0.755314E-05  -4.09718      0.106250E-05  -8.73262    
   18125.        0.976740E-06  -8.46137      0.770464E-05  -4.18501      0.110835E-05  -8.86711    
   18130.        0.101754E-05  -8.58875      0.786249E-05  -4.27673      0.115693E-05  -9.00740    
   18135.        0.106069E-05  -8.72167      0.802710E-05  -4.37260      0.120844E-05  -9.15382    
   18140.        0.110637E-05  -8.86046      0.819892E-05  -4.47292      0.126314E-05  -9.30677    
   18145.        0.115478E-05  -9.00551      0.837845E-05  -4.57801      0.132127E-05  -9.46667    
   18150.        0.120615E-05  -9.15724      0.856622E-05  -4.68822      0.138313E-05  -9.63397    
   18155.        0.126071E-05  -9.31609      0.876283E-05  -4.80393      0.144905E-05  -9.80919    
   18160.        0.131874E-05  -9.48257      0.896891E-05  -4.92558      0.151938E-05  -9.99287    
   18165.        0.138054E-05  -9.65722      0.918520E-05  -5.05363      0.159452E-05  -10.1856    
   18170.        0.144644E-05  -9.84064      0.941247E-05  -5.18861      0.167492E-05  -10.3881    
   18175.        0.151681E-05  -10.0335      0.965159E-05  -5.33110      0.176108E-05  -10.6011    
   18180.        0.159207E-05  -10.2366      0.990354E-05  -5.48175      0.185355E-05  -10.8253    
   18185.        0.167268E-05  -10.4507      0.101694E-04  -5.64129      0.195297E-05  -11.0618    
   18190.        0.175917E-05  -10.6767      0.104503E-04  -5.81053      0.206004E-05  -11.3114    

          ANSYS POST26 VARIABLE LISTING


    FREQ        DISP   2 UZ                 DISP 105 UZ                 DISP 170 UZ  
                  2   UNTN                    105 MITT                    170 OBEN
                  AMPLITUDE       PHASE       AMPLITUDE       PHASE       AMPLITUDE       PHASE   
   18195.        0.185213E-05  -10.9156      0.107477E-04  -5.99040      0.217557E-05  -11.5754    
   18200.        0.195222E-05  -11.1687      0.110631E-04  -6.18192      0.230047E-05  -11.8550    
   18205.        0.206020E-05  -11.4373      0.113981E-04  -6.38627      0.243579E-05  -12.1517    
   18210.        0.217693E-05  -11.7227      0.117547E-04  -6.60479      0.258271E-05  -12.4670    
   18215.        0.230340E-05  -12.0268      0.121350E-04  -6.83902      0.274261E-05  -12.8028    
   18220.        0.244074E-05  -12.3513      0.125416E-04  -7.09069      0.291706E-05  -13.1611    
   18225.        0.259025E-05  -12.6986      0.129774E-04  -7.36184      0.310789E-05  -13.5443    
   18230.        0.275345E-05  -13.0711      0.134455E-04  -7.65482      0.331723E-05  -13.9553    
   18235.        0.293210E-05  -13.4718      0.139498E-04  -7.97235      0.354758E-05  -14.3970    
   18240.        0.312826E-05  -13.9041      0.144947E-04  -8.31764      0.380185E-05  -14.8733    
   18245.        0.334434E-05  -14.3721      0.150854E-04  -8.69448      0.408351E-05  -15.3884    
   18250.        0.358323E-05  -14.8805      0.157280E-04  -9.10734      0.439669E-05  -15.9474    
   18255.        0.384833E-05  -15.4350      0.164295E-04  -9.56159      0.474632E-05  -16.5563    
   18260.        0.414375E-05  -16.0423      0.171987E-04  -10.0637      0.513836E-05  -17.2223    
   18265.        0.447446E-05  -16.7107      0.180457E-04  -10.6215      0.558007E-05  -17.9540    
   18270.        0.484651E-05  -17.4501      0.189829E-04  -11.2446      0.608031E-05  -18.7619    
   18275.        0.526731E-05  -18.2729      0.200257E-04  -11.9450      0.665006E-05  -19.6590    
   18280.        0.574611E-05  -19.1945      0.211925E-04  -12.7375      0.730303E-05  -20.6614    
   18285.        0.629446E-05  -20.2342      0.225067E-04  -13.6410      0.805650E-05  -21.7891    

          ANSYS POST26 VARIABLE LISTING


    FREQ        DISP   2 UZ                 DISP 105 UZ                 DISP 170 UZ  
                  2   UNTN                    105 MITT                    170 OBEN
                  AMPLITUDE       PHASE       AMPLITUDE       PHASE       AMPLITUDE       PHASE   
   18290.        0.692699E-05  -21.4169      0.239972E-04  -14.6797      0.893248E-05  -23.0678    
   18295.        0.766243E-05  -22.7745      0.257010E-04  -15.8850      0.995934E-05  -24.5306    
   18300.        0.852500E-05  -24.3493      0.276650E-04  -17.2984      0.111740E-04  -26.2209    
   18305.        0.954636E-05  -26.1977      0.299499E-04  -18.9754      0.126252E-04  -28.1964    
   18310.        0.107682E-04  -28.3964      0.326338E-04  -20.9919      0.143777E-04  -30.5356    
   18315.        0.122456E-04  -31.0514      0.358179E-04  -23.4529      0.165181E-04  -33.3464    
   18320.        0.140511E-04  -34.3121      0.396300E-04  -26.5066      0.191617E-04  -36.7804    
   18325.        0.162769E-04  -38.3907      0.442237E-04  -30.3639      0.224589E-04  -41.0526    
   18330.        0.190311E-04  -43.5897      0.497580E-04  -35.3257      0.265926E-04  -46.4689    
   18335.        0.224093E-04  -50.3282      0.563196E-04  -41.8095      0.317425E-04  -53.4523    
   18340.        0.264035E-04  -59.1356      0.637090E-04  -50.3426      0.379551E-04  -62.5370    
   18345.        0.306871E-04  -70.5090      0.709980E-04  -61.4198      0.448237E-04  -74.2262    
   18350.        0.343467E-04  -84.4702      0.760889E-04  -75.0600      0.510495E-04  -88.5492    
   18355.        0.360866E-04  -99.9433      0.764324E-04  -90.1843      0.546643E-04  -104.439    
   18360.        0.353335E-04  -114.892      0.714345E-04  -104.752      0.546496E-04  -119.872    
   18365.        0.328358E-04  -127.622      0.632548E-04  -117.065      0.519631E-04  -133.169    
   18370.        0.297475E-04  -137.630      0.544986E-04  -126.614      0.482815E-04  -143.845    
   18375.        0.267887E-04  -145.230      0.465761E-04  -133.706      0.447153E-04  -152.242    
   18380.        0.242211E-04  -150.951      0.398734E-04  -138.861      0.417107E-04  -158.922    

          ANSYS POST26 VARIABLE LISTING


    FREQ        DISP   2 UZ                 DISP 105 UZ                 DISP 170 UZ  
                  2   UNTN                    105 MITT                    170 OBEN
                  AMPLITUDE       PHASE       AMPLITUDE       PHASE       AMPLITUDE       PHASE   
   18385.        0.220747E-04  -155.253      0.343213E-04  -142.527      0.393623E-04  -164.392    
   18390.        0.202985E-04  -158.459      0.297240E-04  -145.015      0.376361E-04  -169.040    
   18395.        0.188265E-04  -160.774      0.258856E-04  -146.509      0.364697E-04  -173.159    
   18400.        0.175998E-04  -162.297      0.226463E-04  -147.084      0.358092E-04  -176.978    
   18405.        0.165756E-04  -163.038      0.198883E-04  -146.715      0.356201E-04   179.311    
   18410.        0.157316E-04  -162.918      0.175357E-04  -145.278      0.358888E-04   175.524    
   18415.        0.150764E-04  -161.763      0.155571E-04  -142.543      0.366202E-04   171.467    
   18420.        0.146720E-04  -159.329      0.139765E-04  -138.213      0.378299E-04   166.904    
   18425.        0.146753E-04  -155.442      0.128899E-04  -132.105      0.395238E-04   161.535    
   18430.        0.153921E-04  -150.398      0.124666E-04  -124.631      0.416462E-04   154.965    
   18435.        0.172756E-04  -145.590      0.128742E-04  -117.395      0.439602E-04   146.708    
   18440.        0.207216E-04  -143.478      0.140803E-04  -112.855      0.458365E-04   136.320    
   18445.        0.256034E-04  -146.037      0.156319E-04  -112.607      0.461137E-04   123.815    
   18450.        0.309423E-04  -153.099      0.167220E-04  -115.971      0.436216E-04   110.296    
   18455.        0.354876E-04  -162.571      0.167751E-04  -120.392      0.384694E-04   97.9481    
   18460.        0.388241E-04  -172.279      0.159447E-04  -123.234      0.322418E-04   88.8404    
   18465.        0.414245E-04   178.732      0.148223E-04  -123.029      0.265697E-04   83.9533    
   18470.        0.439437E-04   170.372      0.139821E-04  -119.492      0.223067E-04   83.2861    
   18475.        0.468433E-04   162.093      0.138817E-04  -113.454      0.197540E-04   85.9798    

          ANSYS POST26 VARIABLE LISTING


    FREQ        DISP   2 UZ                 DISP 105 UZ                 DISP 170 UZ  
                  2   UNTN                    105 MITT                    170 OBEN
                  AMPLITUDE       PHASE       AMPLITUDE       PHASE       AMPLITUDE       PHASE   
   18480.        0.503425E-04   153.202      0.148717E-04  -107.051      0.189590E-04   90.0111    
   18485.        0.543587E-04   142.956      0.171133E-04  -103.083      0.197431E-04   92.4840    
   18490.        0.582802E-04   130.670      0.204335E-04  -103.568      0.216116E-04   91.0210    
   18495.        0.606952E-04   116.074      0.241495E-04  -108.960      0.236800E-04   84.8543    
   18500.        0.598107E-04   99.9108      0.270736E-04  -118.089      0.248134E-04   75.0151    
   18505.        0.550953E-04   84.0070      0.282197E-04  -128.596      0.243160E-04   63.8293    
   18510.        0.480860E-04   70.1467      0.276375E-04  -138.255      0.224887E-04   53.5223    
   18515.        0.408087E-04   59.0217      0.260846E-04  -146.050      0.201160E-04   45.1152    
   18520.        0.343873E-04   50.4051      0.242361E-04  -151.981      0.177684E-04   38.6129    
   18525.        0.291023E-04   43.7584      0.224406E-04  -156.425      0.156828E-04   33.6385    
   18530.        0.248560E-04   38.5722      0.208232E-04  -159.777      0.139058E-04   29.7953    
   18535.        0.214537E-04   34.4552      0.194061E-04  -162.346      0.124110E-04   26.7721    
   18540.        0.187099E-04   31.1267      0.181737E-04  -164.352      0.111535E-04   24.3457    
   18545.        0.164744E-04   28.3888      0.171005E-04  -165.949      0.100897E-04   22.3600    
   18550.        0.146324E-04   26.1008      0.161607E-04  -167.244      0.918290E-05   20.7059    
   18555.        0.130974E-04   24.1621      0.153321E-04  -168.310      0.840352E-05   19.3061    
   18560.        0.118047E-04   22.4989      0.145964E-04  -169.201      0.772826E-05   18.1049    
   18565.        0.107054E-04   21.0564      0.139384E-04  -169.956      0.713877E-05   17.0615    
   18570.        0.976211E-05   19.7934      0.133460E-04  -170.602      0.662054E-05   16.1455    

          ANSYS POST26 VARIABLE LISTING


    FREQ        DISP   2 UZ                 DISP 105 UZ                 DISP 170 UZ  
                  2   UNTN                    105 MITT                    170 OBEN
                  AMPLITUDE       PHASE       AMPLITUDE       PHASE       AMPLITUDE       PHASE   
   18575.        0.894608E-05   18.6780      0.128095E-04  -171.163      0.616203E-05   15.3337    
   18580.        0.823488E-05   17.6856      0.123209E-04  -171.652      0.575398E-05   14.6085    
   18585.        0.761085E-05   16.7965      0.118736E-04  -172.084      0.538889E-05   13.9559    
   18590.        0.705994E-05   15.9953      0.114623E-04  -172.468      0.506066E-05   13.3648    
   18595.        0.657083E-05   15.2693      0.110824E-04  -172.811      0.476422E-05   12.8264    
   18600.        0.613434E-05   14.6081      0.107303E-04  -173.120      0.449542E-05   12.3335    
   18605.        0.574297E-05   14.0033      0.104027E-04  -173.400      0.425075E-05   11.8802    
   18610.        0.539052E-05   13.4479      0.100970E-04  -173.655      0.402728E-05   11.4615    
   18615.        0.507184E-05   12.9358      0.981091E-05  -173.888      0.382251E-05   11.0735    
   18620.        0.478262E-05   12.4622      0.954241E-05  -174.102      0.363431E-05   10.7126    
   18625.        0.451922E-05   12.0226      0.928984E-05  -174.299      0.346087E-05   10.3758    
   18630.        0.427856E-05   11.6136      0.905169E-05  -174.482      0.330061E-05   10.0608    
   18635.        0.405802E-05   11.2319      0.882668E-05  -174.651      0.315217E-05   9.76525    
   18640.        0.385535E-05   10.8748      0.861367E-05  -174.809      0.301437E-05   9.48739    
   18645.        0.366860E-05   10.5400      0.841165E-05  -174.957      0.288618E-05   9.22556    
   18650.        0.349611E-05   10.2254      0.821974E-05  -175.095      0.276668E-05   8.97832    
   18655.        0.333640E-05   9.92921      0.803713E-05  -175.225      0.265507E-05   8.74442    
   18660.        0.318821E-05   9.64977      0.786313E-05  -175.347      0.255066E-05   8.52276    
   18665.        0.305043E-05   9.38570      0.769709E-05  -175.462      0.245280E-05   8.31234    

          ANSYS POST26 VARIABLE LISTING


    FREQ        DISP   2 UZ                 DISP 105 UZ                 DISP 170 UZ  
                  2   UNTN                    105 MITT                    170 OBEN
                  AMPLITUDE       PHASE       AMPLITUDE       PHASE       AMPLITUDE       PHASE   
   18670.        0.292206E-05   9.13573      0.753845E-05  -175.571      0.236094E-05   8.11229    
   18675.        0.280225E-05   8.89874      0.738669E-05  -175.674      0.227458E-05   7.92182    
   18680.        0.269023E-05   8.67373      0.724135E-05  -175.771      0.219328E-05   7.74023    
   18685.        0.258532E-05   8.45977      0.710200E-05  -175.864      0.211662E-05   7.56689    
   18690.        0.248690E-05   8.25608      0.696826E-05  -175.953      0.204426E-05   7.40121    
   18695.        0.239444E-05   8.06190      0.683978E-05  -176.037      0.197587E-05   7.24268    
   18700.        0.230745E-05   7.87658      0.671623E-05  -176.117      0.191114E-05   7.09083    
   18705.        0.222550E-05   7.69951      0.659732E-05  -176.194      0.184982E-05   6.94523    
   18710.        0.214819E-05   7.53014      0.648278E-05  -176.267      0.179166E-05   6.80549    
   18715.        0.207516E-05   7.36798      0.637237E-05  -176.337      0.173644E-05   6.67125    
   18720.        0.200611E-05   7.21256      0.626584E-05  -176.405      0.168395E-05   6.54217    
   18725.        0.194072E-05   7.06346      0.616300E-05  -176.469      0.163402E-05   6.41796    
   18730.        0.187875E-05   6.92031      0.606364E-05  -176.531      0.158648E-05   6.29834    
   18735.        0.181995E-05   6.78274      0.596758E-05  -176.591      0.154116E-05   6.18305    
   18740.        0.176410E-05   6.65044      0.587466E-05  -176.649      0.149793E-05   6.07186    
   18745.        0.171100E-05   6.52309      0.578471E-05  -176.704      0.145666E-05   5.96453    
   18750.        0.166047E-05   6.40043      0.569759E-05  -176.757      0.141723E-05   5.86088    
   18755.        0.161234E-05   6.28220      0.561316E-05  -176.809      0.137952E-05   5.76071    
   18760.        0.156645E-05   6.16816      0.553129E-05  -176.859      0.134344E-05   5.66384    

          ANSYS POST26 VARIABLE LISTING


    FREQ        DISP   2 UZ                 DISP 105 UZ                 DISP 170 UZ  
                  2   UNTN                    105 MITT                    170 OBEN
                  AMPLITUDE       PHASE       AMPLITUDE       PHASE       AMPLITUDE       PHASE   
   18765.        0.152267E-05   6.05808      0.545187E-05  -176.907      0.130889E-05   5.57011    
   18770.        0.148086E-05   5.95176      0.537478E-05  -176.953      0.127577E-05   5.47936    
   18775.        0.144091E-05   5.84902      0.529991E-05  -176.998      0.124402E-05   5.39146    
   18780.        0.140270E-05   5.74967      0.522718E-05  -177.042      0.121354E-05   5.30627    
   18785.        0.136612E-05   5.65354      0.515648E-05  -177.084      0.118429E-05   5.22366    
   18790.        0.133109E-05   5.56048      0.508773E-05  -177.125      0.115617E-05   5.14352    
   18795.        0.129751E-05   5.47034      0.502085E-05  -177.164      0.112915E-05   5.06573    
   18800.        0.126531E-05   5.38299      0.495576E-05  -177.203      0.110315E-05   4.99020    
   18805.        0.123440E-05   5.29830      0.489238E-05  -177.240      0.107813E-05   4.91682    
   18810.        0.120472E-05   5.21615      0.483065E-05  -177.277      0.105403E-05   4.84550    
   18815.        0.117620E-05   5.13642      0.477050E-05  -177.312      0.103081E-05   4.77616    
   18820.        0.114878E-05   5.05902      0.471188E-05  -177.346      0.100843E-05   4.70871    
   18825.        0.112239E-05   4.98383      0.465471E-05  -177.379      0.986843E-06   4.64308    
   18830.        0.109700E-05   4.91076      0.459895E-05  -177.412      0.966012E-06   4.57919    
   18835.        0.107254E-05   4.83973      0.454454E-05  -177.444      0.945900E-06   4.51698    
   18840.        0.104898E-05   4.77065      0.449144E-05  -177.474      0.926475E-06   4.45637    
   18845.        0.102625E-05   4.70345      0.443959E-05  -177.504      0.907704E-06   4.39732    
   18850.        0.100434E-05   4.63804      0.438896E-05  -177.534      0.889557E-06   4.33975    
   18855.        0.983188E-06   4.57435      0.433949E-05  -177.562      0.872006E-06   4.28361    

          ANSYS POST26 VARIABLE LISTING


    FREQ        DISP   2 UZ                 DISP 105 UZ                 DISP 170 UZ  
                  2   UNTN                    105 MITT                    170 OBEN
                  AMPLITUDE       PHASE       AMPLITUDE       PHASE       AMPLITUDE       PHASE   
   18860.        0.962766E-06   4.51232      0.429115E-05  -177.590      0.855024E-06   4.22886    
   18865.        0.943040E-06   4.45189      0.424389E-05  -177.617      0.838586E-06   4.17543    
   18870.        0.923977E-06   4.39299      0.419769E-05  -177.644      0.822669E-06   4.12328    
   18875.        0.905547E-06   4.33557      0.415251E-05  -177.669      0.807249E-06   4.07237    
   18880.        0.887721E-06   4.27957      0.410830E-05  -177.695      0.792306E-06   4.02266    
   18885.        0.870471E-06   4.22493      0.406504E-05  -177.719      0.777819E-06   3.97409    
   18890.        0.853774E-06   4.17162      0.402271E-05  -177.743      0.763769E-06   3.92664    
   18895.        0.837604E-06   4.11958      0.398126E-05  -177.767      0.750139E-06   3.88026    
   18900.        0.821938E-06   4.06876      0.394067E-05  -177.790      0.736911E-06   3.83491    
   18905.        0.806756E-06   4.01914      0.390091E-05  -177.813      0.724069E-06   3.79057    
   18910.        0.792037E-06   3.97065      0.386197E-05  -177.835      0.711598E-06   3.74720    
   18915.        0.777762E-06   3.92327      0.382380E-05  -177.856      0.699483E-06   3.70477    
   18920.        0.763912E-06   3.87696      0.378640E-05  -177.877      0.687709E-06   3.66325    
   18925.        0.750470E-06   3.83168      0.374973E-05  -177.898      0.676265E-06   3.62261    
   18930.        0.737419E-06   3.78740      0.371377E-05  -177.918      0.665137E-06   3.58283    
   18935.        0.724745E-06   3.74409      0.367851E-05  -177.938      0.654313E-06   3.54386    
   18940.        0.712432E-06   3.70171      0.364392E-05  -177.958      0.643783E-06   3.50570    
   18945.        0.700467E-06   3.66023      0.360999E-05  -177.977      0.633534E-06   3.46832    
   18950.        0.688835E-06   3.61964      0.357669E-05  -177.995      0.623557E-06   3.43169    

          ANSYS POST26 VARIABLE LISTING


    FREQ        DISP   2 UZ                 DISP 105 UZ                 DISP 170 UZ  
                  2   UNTN                    105 MITT                    170 OBEN
                  AMPLITUDE       PHASE       AMPLITUDE       PHASE       AMPLITUDE       PHASE   
   18955.        0.677524E-06   3.57989      0.354400E-05  -178.014      0.613842E-06   3.39579    
   18960.        0.666522E-06   3.54097      0.351192E-05  -178.032      0.604380E-06   3.36060    
   18965.        0.655818E-06   3.50284      0.348042E-05  -178.049      0.595161E-06   3.32610    
   18970.        0.645400E-06   3.46549      0.344949E-05  -178.067      0.586177E-06   3.29227    
   18975.        0.635257E-06   3.42889      0.341911E-05  -178.084      0.577419E-06   3.25909    
   18980.        0.625381E-06   3.39301      0.338927E-05  -178.100      0.568880E-06   3.22654    
   18985.        0.615761E-06   3.35785      0.335994E-05  -178.117      0.560553E-06   3.19461    
   18990.        0.606388E-06   3.32337      0.333113E-05  -178.133      0.552430E-06   3.16327    
   18995.        0.597254E-06   3.28956      0.330282E-05  -178.149      0.544504E-06   3.13251    
   19000.        0.588350E-06   3.25640      0.327498E-05  -178.164      0.536769E-06   3.10232    
